service,setting,name,sd0,req0,sd1,req1,sd2,req2,sd3,req3,sd4,req4,sd5,req5,sd6,req6,sd7,req7,sd8,req8,sd9,req9,sd10,req10,sd11,req11,sd12,req12,sd13,req13,sd14,req14,sd15,req15,sd16,req16,sd17,req17,sd18,req18,sd19,req19,sd20,req20,sd21,req21,sd22,req22,sd23,req23,sd24,req24,sd25,req25,sd26,req26,sd27,req27,sd28,req28,sd29,req29,sd30,req30,sd31,req31,sd32,req32,sd33,req33,sd34,req34,sd35,req35,sd36,req36,sd37,req37,sd38,req38,sd39,req39,sd40,req40,sd41,req41,sd42,req42,sd43,req43,sd44,req44,sd45,req45,sd46,req46,sd47,req47,sd48,req48,sd49,req49,sd50,req50,sd51,req51,sd52,req52,sd53,req53,sd54,req54,sd55,req55,sd56,req56,sd57,req57,sd58,req58,sd59,req59,sd60,req60,sd61,req61,sd62,req62,sd63,req63,sd64,req64,sd65,req65,sd66,req66,sd67,req67,sd68,req68,sd69,req69,sd70,req70,sd71,req71,sd72,req72,sd73,req73,sd74,req74,sd75,req75,sd76,req76,sd77,req77,sd78,req78,sd79,req79,sd80,req80,sd81,req81,sd82,req82,sd83,req83,sd84,req84,sd85,req85,sd86,req86,sd87,req87,sd88,req88,sd89,req89,sd90,req90,sd91,req91,sd92,req92,sd93,req93,sd94,req94,sd95,req95,sd96,req96,sd97,req97,sd98,req98,sd99,req99,policy,change
0,G3.1.2,service0,"(0, True)","([1, 2], 0, True)","(1, False)","([1, 2], 0, False)","(0, False)","([0, 2], 1, True)","(0, False)","([2, 2], 1, False)","(2, True)","([0, 2], 1, False)","(2, False)","([2, 2], 0, True)","(2, False)","([0, 2], 1, True)","(0, False)","([1, 2], 0, True)","(2, False)","([2, 2], 1, False)","(1, True)","([0, 2], 0, True)","(1, False)","([0, 2], 1, True)","(1, False)","([2, 2], 0, True)","(2, True)","([2, 2], 0, True)","(2, True)","([2, 2], 0, True)","(0, True)","([2, 2], 0, True)","(0, False)","([1, 2], 1, False)","(2, True)","([0, 2], 1, False)","(0, False)","([0, 2], 0, True)","(1, False)","([2, 2], 0, False)","(1, False)","([0, 2], 1, False)","(0, True)","([1, 2], 1, False)","(2, False)","([0, 2], 0, False)","(2, True)","([0, 2], 1, True)","(0, False)","([1, 2], 0, False)","(1, True)","([0, 2], 1, True)","(0, True)","([2, 2], 0, False)","(1, True)","([0, 2], 0, False)","(1, True)","([0, 2], 1, False)","(0, False)","([2, 2], 1, True)","(2, False)","([0, 2], 0, False)","(1, False)","([0, 2], 0, False)","(2, True)","([0, 2], 0, True)","(0, False)","([1, 2], 0, True)","(1, False)","([1, 2], 1, False)","(0, True)","([2, 2], 1, True)","(2, True)","([0, 2], 0, False)","(1, True)","([2, 2], 0, True)","(1, False)","([2, 2], 0, False)","(1, True)","([1, 2], 1, True)","(1, True)","([2, 2], 1, False)","(2, True)","([0, 2], 0, False)","(0, True)","([0, 2], 0, False)","(2, False)","([1, 2], 0, True)","(1, False)","([2, 2], 0, False)","(2, False)","([2, 2], 1, True)","(2, True)","([1, 2], 0, False)","(1, True)","([1, 2], 1, False)","(2, True)","([0, 2], 0, False)","(2, True)","([0, 2], 0, True)","(2, False)","([2, 2], 0, True)","(1, False)","([2, 2], 0, False)","(1, False)","([2, 2], 1, False)","(1, True)","([2, 2], 0, True)","(1, True)","([2, 2], 1, True)","(1, True)","([0, 2], 0, True)","(0, False)","([1, 2], 1, True)","(1, True)","([1, 2], 1, True)","(2, False)","([0, 2], 0, True)","(1, False)","([0, 2], 1, False)","(2, False)","([0, 2], 0, True)","(1, True)","([2, 2], 1, True)","(0, True)","([2, 2], 1, False)","(0, True)","([0, 2], 0, False)","(1, False)","([2, 2], 0, True)","(0, False)","([0, 2], 1, False)","(0, False)","([0, 2], 0, True)","(2, False)","([1, 2], 1, False)","(0, True)","([2, 2], 0, False)","(2, False)","([0, 2], 0, True)","(1, False)","([2, 2], 0, True)","(1, True)","([1, 2], 0, False)","(0, True)","([0, 2], 1, False)","(2, False)","([0, 2], 1, False)","(2, False)","([2, 2], 1, False)","(1, False)","([0, 2], 0, False)","(0, False)","([1, 2], 1, True)","(0, True)","([2, 2], 0, True)","(1, True)","([1, 2], 0, True)","(1, True)","([1, 2], 0, False)","(2, True)","([0, 2], 0, True)","(1, True)","([0, 2], 0, True)","(1, True)","([2, 2], 0, True)","(1, True)","([2, 2], 1, False)","(1, True)","([0, 2], 1, True)","(1, True)","([0, 2], 1, False)","(1, True)","([0, 2], 0, True)","(2, False)","([1, 2], 1, False)","(1, False)","([1, 2], 1, False)","(0, True)","([0, 2], 0, False)","(1, False)","([0, 2], 1, True)","(1, True)","([2, 2], 0, False)","(1, True)","([0, 2], 1, False)","(1, True)","([0, 2], 0, False)","(0, True)","([0, 2], 1, True)","(1, False)","([1, 2], 1, True)","(2, False)","([2, 2], 1, True)","(1, True)","([1, 2], 1, True)","(0, True)","([0, 2], 1, True)","(1, True)","([1, 2], 1, False)","(2, False)","([1, 2], 1, False)","[0.3, 0.6]",[]
1,G3.1.2,service1,"(2, True)","([2, 2], 0, True)","(2, True)","([1, 2], 0, False)","(0, True)","([1, 2], 0, True)","(1, False)","([2, 2], 0, True)","(1, True)","([0, 2], 0, False)","(1, False)","([1, 2], 1, False)","(2, False)","([2, 2], 1, False)","(0, False)","([0, 2], 1, False)","(0, False)","([0, 2], 0, False)","(1, False)","([1, 2], 1, False)","(2, False)","([2, 2], 1, True)","(0, True)","([0, 2], 0, False)","(2, True)","([0, 2], 1, True)","(1, False)","([0, 2], 1, True)","(2, False)","([0, 2], 0, True)","(1, False)","([0, 2], 1, True)","(1, True)","([2, 2], 0, True)","(0, True)","([2, 2], 0, False)","(1, True)","([1, 2], 1, False)","(0, False)","([2, 2], 1, True)","(0, True)","([1, 2], 0, False)","(2, False)","([1, 2], 1, True)","(1, False)","([2, 2], 1, True)","(2, False)","([1, 2], 0, True)","(0, False)","([0, 2], 0, False)","(1, False)","([0, 2], 1, True)","(2, False)","([2, 2], 1, False)","(1, True)","([2, 2], 0, False)","(2, False)","([0, 2], 1, True)","(1, False)","([2, 2], 1, False)","(1, False)","([0, 2], 0, False)","(1, False)","([2, 2], 1, False)","(1, True)","([0, 2], 1, False)","(1, True)","([2, 2], 1, False)","(1, True)","([2, 2], 1, False)","(0, False)","([2, 2], 1, True)","(2, True)","([2, 2], 1, False)","(0, True)","([2, 2], 0, False)","(1, False)","([2, 2], 0, True)","(0, False)","([2, 2], 0, True)","(2, False)","([0, 2], 1, True)","(1, False)","([2, 2], 0, False)","(1, False)","([2, 2], 1, True)","(1, False)","([1, 2], 0, True)","(0, False)","([0, 2], 0, True)","(1, True)","([2, 2], 0, True)","(0, True)","([1, 2], 0, True)","(2, False)","([0, 2], 1, False)","(1, False)","([2, 2], 1, True)","(1, True)","([0, 2], 0, False)","(1, True)","([1, 2], 0, False)","(2, True)","([1, 2], 1, True)","(2, False)","([1, 2], 0, False)","(1, False)","([0, 2], 1, False)","(2, False)","([0, 2], 0, False)","(1, False)","([0, 2], 1, True)","(0, True)","([2, 2], 1, False)","(2, False)","([2, 2], 0, True)","(0, False)","([2, 2], 1, False)","(1, True)","([1, 2], 1, False)","(0, False)","([1, 2], 0, False)","(2, True)","([0, 2], 0, True)","(1, False)","([1, 2], 1, False)","(0, True)","([2, 2], 1, True)","(1, False)","([2, 2], 0, True)","(1, True)","([0, 2], 1, False)","(1, True)","([0, 2], 1, False)","(0, False)","([2, 2], 0, True)","(0, True)","([0, 2], 0, False)","(0, False)","([2, 2], 0, True)","(2, True)","([2, 2], 0, False)","(2, False)","([0, 2], 0, True)","(1, False)","([0, 2], 1, True)","(0, True)","([0, 2], 1, True)","(1, False)","([0, 2], 1, True)","(0, False)","([0, 2], 0, True)","(2, False)","([0, 2], 1, True)","(1, False)","([2, 2], 0, True)","(0, False)","([2, 2], 0, True)","(1, True)","([1, 2], 1, False)","(0, False)","([0, 2], 0, False)","(1, True)","([0, 2], 1, True)","(1, False)","([0, 2], 0, True)","(1, True)","([0, 2], 1, True)","(1, False)","([0, 2], 1, False)","(1, False)","([1, 2], 1, False)","(0, True)","([1, 2], 0, False)","(1, True)","([2, 2], 0, False)","(0, True)","([0, 2], 0, True)","(1, False)","([1, 2], 1, True)","(1, False)","([0, 2], 1, True)","(1, True)","([1, 2], 1, False)","(0, True)","([1, 2], 1, False)","(1, True)","([0, 2], 0, False)","(0, True)","([1, 2], 0, False)","(1, False)","([1, 2], 1, True)","(1, False)","([0, 2], 0, False)","(0, False)","([0, 2], 1, False)","(0, False)","([1, 2], 1, False)","(1, False)","([2, 2], 0, False)","[0.3, 0.6]",[]
2,G3.1.2,service2,"(2, False)","([1, 2], 0, False)","(0, True)","([0, 2], 1, True)","(1, True)","([2, 2], 1, False)","(2, False)","([2, 2], 0, True)","(2, False)","([1, 2], 0, False)","(0, True)","([2, 2], 0, True)","(2, True)","([2, 2], 0, True)","(1, False)","([2, 2], 1, True)","(0, False)","([1, 2], 1, False)","(1, True)","([1, 2], 1, False)","(1, True)","([0, 2], 1, False)","(1, True)","([2, 2], 0, True)","(0, False)","([1, 2], 0, True)","(2, False)","([0, 2], 0, False)","(1, False)","([0, 2], 1, False)","(0, True)","([2, 2], 0, False)","(2, True)","([0, 2], 0, True)","(2, False)","([2, 2], 1, True)","(1, False)","([2, 2], 0, False)","(0, False)","([0, 2], 0, False)","(1, False)","([2, 2], 1, False)","(2, False)","([0, 2], 1, True)","(1, True)","([2, 2], 0, False)","(1, False)","([2, 2], 1, False)","(1, False)","([2, 2], 0, False)","(2, True)","([0, 2], 1, False)","(1, True)","([1, 2], 0, True)","(0, True)","([2, 2], 1, False)","(0, True)","([1, 2], 0, False)","(1, False)","([2, 2], 0, False)","(2, True)","([1, 2], 1, True)","(2, True)","([0, 2], 0, False)","(0, True)","([1, 2], 0, False)","(0, False)","([0, 2], 0, True)","(0, False)","([0, 2], 0, True)","(1, False)","([1, 2], 1, False)","(1, True)","([0, 2], 0, False)","(2, True)","([1, 2], 1, False)","(2, True)","([2, 2], 0, True)","(2, True)","([1, 2], 1, True)","(0, False)","([1, 2], 0, True)","(1, False)","([0, 2], 0, False)","(0, True)","([0, 2], 1, True)","(1, True)","([0, 2], 0, True)","(2, False)","([2, 2], 1, False)","(2, True)","([2, 2], 0, True)","(1, True)","([1, 2], 1, True)","(0, True)","([0, 2], 0, False)","(0, True)","([1, 2], 1, True)","(2, False)","([2, 2], 0, True)","(0, False)","([2, 2], 1, False)","(2, False)","([1, 2], 1, True)","(1, True)","([1, 2], 0, False)","(2, False)","([1, 2], 1, False)","(0, True)","([2, 2], 0, False)","(1, False)","([2, 2], 0, False)","(2, True)","([1, 2], 1, False)","(1, True)","([0, 2], 1, True)","(0, True)","([0, 2], 1, False)","(0, False)","([1, 2], 1, False)","(0, False)","([0, 2], 1, True)","(1, True)","([2, 2], 1, False)","(1, False)","([0, 2], 1, True)","(2, True)","([2, 2], 1, True)","(0, False)","([1, 2], 1, False)","(1, False)","([1, 2], 0, False)","(1, False)","([0, 2], 1, False)","(2, True)","([1, 2], 0, True)","(1, False)","([1, 2], 0, False)","(1, True)","([0, 2], 0, False)","(1, True)","([0, 2], 0, False)","(0, False)","([1, 2], 0, True)","(2, True)","([2, 2], 1, False)","(1, False)","([0, 2], 0, False)","(1, True)","([2, 2], 1, True)","(1, False)","([2, 2], 1, False)","(1, False)","([2, 2], 1, False)","(0, False)","([0, 2], 0, False)","(1, False)","([0, 2], 1, False)","(1, True)","([2, 2], 1, True)","(0, False)","([1, 2], 1, False)","(1, True)","([1, 2], 1, True)","(1, False)","([1, 2], 1, True)","(1, False)","([2, 2], 1, False)","(1, True)","([0, 2], 0, False)","(2, True)","([1, 2], 1, True)","(1, True)","([1, 2], 0, True)","(1, True)","([1, 2], 0, False)","(2, True)","([0, 2], 1, False)","(2, False)","([0, 2], 1, True)","(1, True)","([1, 2], 0, False)","(2, True)","([2, 2], 1, True)","(2, True)","([1, 2], 0, True)","(1, True)","([2, 2], 1, False)","(1, True)","([1, 2], 1, False)","(2, False)","([1, 2], 1, True)","(2, False)","([2, 2], 1, True)","(1, False)","([0, 2], 0, False)","(1, True)","([2, 2], 1, False)","(0, False)","([1, 2], 0, True)","[0.3, 0.6]",[]
3,G3.1.2,service3,"(2, True)","([2, 2], 1, False)","(1, False)","([1, 2], 0, True)","(0, True)","([0, 2], 1, False)","(1, False)","([2, 2], 0, False)","(1, False)","([1, 2], 0, True)","(2, True)","([1, 2], 0, False)","(1, False)","([0, 2], 0, False)","(2, False)","([1, 2], 0, True)","(2, False)","([2, 2], 0, False)","(1, False)","([0, 2], 0, False)","(1, True)","([1, 2], 0, False)","(1, True)","([2, 2], 0, True)","(0, True)","([2, 2], 1, False)","(1, True)","([2, 2], 1, False)","(2, False)","([1, 2], 1, False)","(1, True)","([2, 2], 1, False)","(2, False)","([0, 2], 1, False)","(0, True)","([2, 2], 1, False)","(2, True)","([2, 2], 0, False)","(1, False)","([1, 2], 1, False)","(0, False)","([1, 2], 1, False)","(1, True)","([2, 2], 1, True)","(0, True)","([2, 2], 1, False)","(0, False)","([1, 2], 0, True)","(1, False)","([0, 2], 0, False)","(0, False)","([0, 2], 0, False)","(0, False)","([0, 2], 0, False)","(0, False)","([1, 2], 1, False)","(0, False)","([1, 2], 0, True)","(1, False)","([1, 2], 0, True)","(1, False)","([1, 2], 1, True)","(1, False)","([1, 2], 0, True)","(1, False)","([1, 2], 0, False)","(0, False)","([1, 2], 0, True)","(2, False)","([0, 2], 0, False)","(1, True)","([0, 2], 0, True)","(2, False)","([0, 2], 0, True)","(2, False)","([1, 2], 0, True)","(1, True)","([2, 2], 0, False)","(0, True)","([0, 2], 1, False)","(2, False)","([0, 2], 0, False)","(0, True)","([0, 2], 1, False)","(1, True)","([1, 2], 0, True)","(1, False)","([1, 2], 0, True)","(0, True)","([1, 2], 1, False)","(0, True)","([0, 2], 0, False)","(1, True)","([0, 2], 1, True)","(0, False)","([1, 2], 0, True)","(0, True)","([0, 2], 0, False)","(0, True)","([2, 2], 1, True)","(1, False)","([0, 2], 1, False)","(0, True)","([2, 2], 1, False)","(1, False)","([2, 2], 0, False)","(0, True)","([0, 2], 0, False)","(1, False)","([1, 2], 0, False)","(1, True)","([0, 2], 0, False)","(1, True)","([2, 2], 1, True)","(0, False)","([1, 2], 1, False)","(0, True)","([1, 2], 0, False)","(1, False)","([1, 2], 1, False)","(2, True)","([1, 2], 0, False)","(2, False)","([0, 2], 1, True)","(0, False)","([1, 2], 0, True)","(0, True)","([0, 2], 0, True)","(2, False)","([1, 2], 0, False)","(1, True)","([0, 2], 0, True)","(1, False)","([0, 2], 1, True)","(0, True)","([1, 2], 1, False)","(1, True)","([0, 2], 1, False)","(1, False)","([1, 2], 0, False)","(1, False)","([0, 2], 0, True)","(1, True)","([2, 2], 1, False)","(1, False)","([2, 2], 0, False)","(0, True)","([0, 2], 1, True)","(0, False)","([0, 2], 1, False)","(1, False)","([0, 2], 0, False)","(1, True)","([1, 2], 0, False)","(1, True)","([0, 2], 1, False)","(1, False)","([0, 2], 0, True)","(2, False)","([1, 2], 0, False)","(1, True)","([2, 2], 1, False)","(1, True)","([0, 2], 0, False)","(1, False)","([0, 2], 0, True)","(0, False)","([1, 2], 0, True)","(1, True)","([1, 2], 0, False)","(0, True)","([0, 2], 0, True)","(1, False)","([2, 2], 1, False)","(0, False)","([1, 2], 0, False)","(1, False)","([1, 2], 1, True)","(1, True)","([2, 2], 1, True)","(1, False)","([2, 2], 1, True)","(1, True)","([0, 2], 0, True)","(1, False)","([2, 2], 0, True)","(1, True)","([2, 2], 0, False)","(1, True)","([2, 2], 0, False)","(2, True)","([2, 2], 1, True)","(1, False)","([1, 2], 1, True)","(1, True)","([1, 2], 1, False)","(1, False)","([1, 2], 0, True)","(1, False)","([1, 2], 0, False)","[0.3, 0.6]","[('sd82', 2), ('sd3', 2), ('sd24', 0), ('sd97', 0), ('sd55', 2), ('sd46', 2), ('sd95', 1), ('sd38', 2), ('sd9', 0), ('sd30', 0), ('sd70', 0), ('sd32', 0), ('sd76', 2), ('sd69', 0), ('sd44', 1), ('sd94', 2), ('sd35', 2), ('sd92', 0), ('sd11', 2), ('sd88', 2), ('sd26', 1), ('sd7', 1), ('sd54', 0), ('sd63', 1), ('sd67', 1), ('sd80', 2), ('sd64', 1), ('sd50', 0), ('sd57', 1), ('sd91', 0), ('sd21', 2), ('sd71', 2), ('sd68', 2), ('sd90', 2), ('sd37', 1), ('sd10', 2), ('sd18', 1), ('sd31', 0), ('sd45', 1), ('sd42', 2), ('sd81', 0), ('sd47', 1), ('sd89', 0), ('sd29', 2), ('sd23', 1), ('sd17', 1), ('sd62', 1), ('sd85', 1), ('sd96', 2), ('sd77', 0), ('sd59', 0)]"
4,G3.1.2,service4,"(1, False)","([0, 2], 0, True)","(2, True)","([1, 2], 0, False)","(1, False)","([1, 2], 0, False)","(1, False)","([2, 2], 1, False)","(1, True)","([0, 2], 0, False)","(0, True)","([1, 2], 1, False)","(1, False)","([1, 2], 0, True)","(1, False)","([0, 2], 0, False)","(2, True)","([1, 2], 1, False)","(1, True)","([2, 2], 1, False)","(2, True)","([2, 2], 1, False)","(1, True)","([2, 2], 0, True)","(1, False)","([2, 2], 1, False)","(2, True)","([0, 2], 1, True)","(0, False)","([1, 2], 0, False)","(1, True)","([1, 2], 0, False)","(1, False)","([1, 2], 1, True)","(2, True)","([1, 2], 1, True)","(2, True)","([0, 2], 1, True)","(1, False)","([2, 2], 0, False)","(1, True)","([1, 2], 0, False)","(2, True)","([1, 2], 0, True)","(1, False)","([2, 2], 0, True)","(2, False)","([1, 2], 1, True)","(0, False)","([1, 2], 1, False)","(2, False)","([0, 2], 0, False)","(1, True)","([2, 2], 0, True)","(0, True)","([0, 2], 1, False)","(2, True)","([0, 2], 0, False)","(1, False)","([1, 2], 1, True)","(0, False)","([0, 2], 1, True)","(2, True)","([1, 2], 0, True)","(0, True)","([2, 2], 1, False)","(1, True)","([2, 2], 0, False)","(2, True)","([2, 2], 0, True)","(0, True)","([0, 2], 0, True)","(2, False)","([0, 2], 1, True)","(1, True)","([0, 2], 0, False)","(0, False)","([2, 2], 0, False)","(1, True)","([1, 2], 1, False)","(2, False)","([2, 2], 0, True)","(1, True)","([0, 2], 1, True)","(0, False)","([1, 2], 0, True)","(1, False)","([2, 2], 0, True)","(2, True)","([1, 2], 1, False)","(0, True)","([1, 2], 1, False)","(1, False)","([1, 2], 1, False)","(2, False)","([1, 2], 0, True)","(1, True)","([0, 2], 0, True)","(0, True)","([1, 2], 0, True)","(2, False)","([2, 2], 0, True)","(0, True)","([2, 2], 0, False)","(2, True)","([1, 2], 0, False)","(1, False)","([0, 2], 1, True)","(1, False)","([2, 2], 1, True)","(1, True)","([2, 2], 1, True)","(2, False)","([2, 2], 1, False)","(1, False)","([1, 2], 1, False)","(2, False)","([0, 2], 0, True)","(0, False)","([2, 2], 0, False)","(2, False)","([1, 2], 0, True)","(1, True)","([1, 2], 1, False)","(2, False)","([1, 2], 1, True)","(2, False)","([0, 2], 0, False)","(0, False)","([0, 2], 0, False)","(1, False)","([1, 2], 1, True)","(1, True)","([2, 2], 1, True)","(1, True)","([1, 2], 1, True)","(1, True)","([1, 2], 1, False)","(1, False)","([2, 2], 0, False)","(1, True)","([1, 2], 0, False)","(1, False)","([1, 2], 0, False)","(1, False)","([1, 2], 1, False)","(1, True)","([1, 2], 1, False)","(1, True)","([0, 2], 1, False)","(1, False)","([1, 2], 1, True)","(1, True)","([1, 2], 0, True)","(0, True)","([0, 2], 1, True)","(1, True)","([0, 2], 1, False)","(1, False)","([1, 2], 0, True)","(1, True)","([2, 2], 0, False)","(2, False)","([0, 2], 0, True)","(1, False)","([0, 2], 0, False)","(1, True)","([2, 2], 0, True)","(0, False)","([0, 2], 0, True)","(1, True)","([2, 2], 0, False)","(2, True)","([2, 2], 0, True)","(0, False)","([1, 2], 0, True)","(1, True)","([0, 2], 1, True)","(1, True)","([2, 2], 0, False)","(0, False)","([0, 2], 0, True)","(2, False)","([1, 2], 1, False)","(2, False)","([0, 2], 1, True)","(1, False)","([1, 2], 0, False)","(1, True)","([0, 2], 1, True)","(0, False)","([0, 2], 0, True)","(1, False)","([2, 2], 0, True)","(1, False)","([2, 2], 0, True)","(1, True)","([2, 2], 1, True)","(0, True)","([1, 2], 0, True)","[0.3, 0.6]","[('sd78', 0), ('sd55', 2), ('sd72', 2), ('sd3', 0), ('sd27', 1), ('sd61', 2), ('sd69', 2), ('sd39', 0), ('sd37', 0), ('sd0', 0), ('sd59', 1), ('sd7', 0), ('sd33', 0), ('sd70', 0), ('sd85', 0), ('sd14', 1), ('sd60', 1), ('sd84', 1), ('sd16', 0), ('sd26', 2), ('sd15', 0), ('sd73', 2), ('sd22', 0), ('sd31', 1), ('sd91', 1), ('sd4', 0), ('sd38', 1), ('sd36', 1), ('sd93', 0), ('sd54', 2), ('sd87', 1), ('sd9', 0), ('sd80', 0), ('sd51', 1), ('sd96', 0), ('sd68', 2), ('sd46', 0), ('sd66', 2), ('sd1', 1), ('sd21', 1), ('sd44', 1), ('sd98', 2), ('sd97', 0), ('sd88', 2), ('sd19', 2), ('sd23', 1), ('sd53', 2), ('sd67', 0), ('sd89', 0), ('sd41', 2), ('sd29', 0), ('sd5', 1), ('sd10', 1), ('sd52', 1), ('sd11', 0)]"
5,G3.1.2,service5,"(0, False)","([2, 2], 1, False)","(2, True)","([2, 2], 1, True)","(0, True)","([2, 2], 1, True)","(2, False)","([2, 2], 1, False)","(1, False)","([0, 2], 0, False)","(0, False)","([1, 2], 1, False)","(1, False)","([2, 2], 1, True)","(1, True)","([0, 2], 0, True)","(0, False)","([2, 2], 1, True)","(1, False)","([2, 2], 1, True)","(1, False)","([0, 2], 1, False)","(2, True)","([0, 2], 0, False)","(0, True)","([1, 2], 1, False)","(1, False)","([0, 2], 1, True)","(1, True)","([1, 2], 1, True)","(0, True)","([0, 2], 1, False)","(2, True)","([2, 2], 1, True)","(1, True)","([1, 2], 1, True)","(1, True)","([0, 2], 0, False)","(1, False)","([0, 2], 1, False)","(2, True)","([1, 2], 1, True)","(1, False)","([1, 2], 0, False)","(1, True)","([0, 2], 1, False)","(1, False)","([0, 2], 0, False)","(0, True)","([0, 2], 0, True)","(1, False)","([1, 2], 1, False)","(1, False)","([0, 2], 1, True)","(2, False)","([0, 2], 1, False)","(1, True)","([1, 2], 1, True)","(0, False)","([1, 2], 0, True)","(2, False)","([1, 2], 0, False)","(0, True)","([1, 2], 0, True)","(2, True)","([2, 2], 1, False)","(1, False)","([2, 2], 0, True)","(0, True)","([1, 2], 0, True)","(1, True)","([0, 2], 0, False)","(0, True)","([0, 2], 1, True)","(1, False)","([1, 2], 1, True)","(2, False)","([2, 2], 1, False)","(1, True)","([2, 2], 1, False)","(1, False)","([1, 2], 1, True)","(1, True)","([2, 2], 0, True)","(1, False)","([1, 2], 0, True)","(1, True)","([0, 2], 0, False)","(1, False)","([1, 2], 1, True)","(1, False)","([1, 2], 0, False)","(0, True)","([2, 2], 0, False)","(0, True)","([0, 2], 0, False)","(1, True)","([2, 2], 0, False)","(0, False)","([1, 2], 1, False)","(1, True)","([2, 2], 1, True)","(1, True)","([1, 2], 0, False)","(1, True)","([2, 2], 0, True)","(1, True)","([2, 2], 1, False)","(1, True)","([0, 2], 1, True)","(0, True)","([1, 2], 1, False)","(0, True)","([2, 2], 1, False)","(0, False)","([2, 2], 0, True)","(2, False)","([0, 2], 1, True)","(1, True)","([1, 2], 1, True)","(2, True)","([2, 2], 0, False)","(2, True)","([0, 2], 0, True)","(1, True)","([2, 2], 0, True)","(1, True)","([2, 2], 1, False)","(1, True)","([0, 2], 0, True)","(1, False)","([1, 2], 0, False)","(2, False)","([1, 2], 1, False)","(0, False)","([1, 2], 1, True)","(1, True)","([0, 2], 0, True)","(1, False)","([1, 2], 0, False)","(0, True)","([1, 2], 0, False)","(1, True)","([2, 2], 1, True)","(1, False)","([2, 2], 1, False)","(1, False)","([2, 2], 0, True)","(1, False)","([0, 2], 0, True)","(2, False)","([1, 2], 1, True)","(1, False)","([2, 2], 1, True)","(2, False)","([0, 2], 1, False)","(1, True)","([0, 2], 0, True)","(2, False)","([1, 2], 0, False)","(1, False)","([2, 2], 0, True)","(0, True)","([0, 2], 1, False)","(1, False)","([0, 2], 0, False)","(2, True)","([0, 2], 1, True)","(2, False)","([1, 2], 1, False)","(2, True)","([0, 2], 1, False)","(1, False)","([1, 2], 1, True)","(1, True)","([0, 2], 1, True)","(2, True)","([0, 2], 1, False)","(0, False)","([1, 2], 1, False)","(1, False)","([1, 2], 1, False)","(1, True)","([1, 2], 0, True)","(2, False)","([2, 2], 0, False)","(2, True)","([2, 2], 0, False)","(1, True)","([0, 2], 0, False)","(0, False)","([0, 2], 1, False)","(0, False)","([2, 2], 0, False)","(0, False)","([2, 2], 1, True)","(0, False)","([0, 2], 1, False)","(2, False)","([2, 2], 0, False)","[0.3, 0.6]","[('sd1', 1), ('sd25', 0), ('sd36', 1), ('sd6', 0), ('sd24', 1), ('sd55', 1), ('sd92', 1), ('sd59', 0), ('sd82', 0), ('sd11', 1), ('sd88', 1), ('sd49', 1), ('sd90', 2), ('sd42', 2), ('sd94', 2), ('sd13', 2), ('sd69', 2), ('sd54', 2), ('sd30', 1), ('sd67', 1), ('sd26', 0), ('sd52', 2), ('sd21', 0), ('sd14', 2), ('sd51', 0), ('sd73', 0), ('sd43', 2), ('sd86', 0), ('sd68', 0), ('sd44', 2), ('sd61', 1), ('sd39', 0), ('sd33', 0), ('sd71', 2), ('sd70', 1), ('sd50', 2), ('sd9', 2), ('sd65', 0), ('sd35', 0), ('sd91', 0), ('sd48', 0), ('sd40', 2), ('sd28', 0), ('sd22', 0), ('sd4', 0), ('sd23', 0), ('sd87', 2), ('sd56', 1), ('sd10', 0), ('sd62', 0), ('sd64', 2), ('sd74', 0), ('sd77', 1), ('sd45', 0)]"
6,G3.1.2,service6,"(1, False)","([2, 2], 1, True)","(0, False)","([1, 2], 0, False)","(1, False)","([2, 2], 0, True)","(2, False)","([1, 2], 1, True)","(1, True)","([2, 2], 1, True)","(1, True)","([2, 2], 0, False)","(0, False)","([2, 2], 0, True)","(1, False)","([0, 2], 0, False)","(2, False)","([2, 2], 0, False)","(1, True)","([1, 2], 1, False)","(1, False)","([0, 2], 0, False)","(1, True)","([2, 2], 1, False)","(1, False)","([1, 2], 1, True)","(1, True)","([2, 2], 1, True)","(1, True)","([2, 2], 0, True)","(0, True)","([0, 2], 1, True)","(0, True)","([1, 2], 1, True)","(2, False)","([1, 2], 0, True)","(2, False)","([2, 2], 1, True)","(1, False)","([2, 2], 0, False)","(0, False)","([2, 2], 1, True)","(1, False)","([1, 2], 1, True)","(1, False)","([0, 2], 1, True)","(1, False)","([2, 2], 0, True)","(2, True)","([2, 2], 1, False)","(1, True)","([1, 2], 0, False)","(1, False)","([1, 2], 0, False)","(1, True)","([0, 2], 0, False)","(2, True)","([1, 2], 0, True)","(0, True)","([1, 2], 0, False)","(2, True)","([0, 2], 1, True)","(0, True)","([2, 2], 1, False)","(2, False)","([0, 2], 1, True)","(0, False)","([0, 2], 0, False)","(1, False)","([0, 2], 0, False)","(1, True)","([2, 2], 0, True)","(2, True)","([0, 2], 0, False)","(1, False)","([1, 2], 1, False)","(1, False)","([0, 2], 1, False)","(1, False)","([0, 2], 0, False)","(2, False)","([1, 2], 1, True)","(2, True)","([0, 2], 1, False)","(1, False)","([0, 2], 0, False)","(1, True)","([1, 2], 1, True)","(1, False)","([0, 2], 1, True)","(2, False)","([2, 2], 0, False)","(0, True)","([1, 2], 0, True)","(0, True)","([0, 2], 0, False)","(1, False)","([2, 2], 1, True)","(1, True)","([1, 2], 1, True)","(0, True)","([2, 2], 0, True)","(2, True)","([0, 2], 0, True)","(0, True)","([2, 2], 0, False)","(0, True)","([0, 2], 1, True)","(0, True)","([1, 2], 1, True)","(0, False)","([1, 2], 1, False)","(2, False)","([0, 2], 0, True)","(2, True)","([0, 2], 1, True)","(1, True)","([1, 2], 0, True)","(0, True)","([0, 2], 0, False)","(0, True)","([1, 2], 1, True)","(2, True)","([2, 2], 0, False)","(2, True)","([1, 2], 1, True)","(2, True)","([0, 2], 0, False)","(2, True)","([0, 2], 1, True)","(0, False)","([2, 2], 1, True)","(1, False)","([2, 2], 1, True)","(1, True)","([0, 2], 0, False)","(2, True)","([2, 2], 1, True)","(2, True)","([0, 2], 1, True)","(0, True)","([2, 2], 0, False)","(2, True)","([2, 2], 0, False)","(0, False)","([0, 2], 0, True)","(1, False)","([0, 2], 1, False)","(1, False)","([0, 2], 0, False)","(1, False)","([0, 2], 0, False)","(1, True)","([1, 2], 0, True)","(2, True)","([1, 2], 1, False)","(1, True)","([1, 2], 0, True)","(1, True)","([2, 2], 1, False)","(2, True)","([1, 2], 1, False)","(2, False)","([0, 2], 1, False)","(0, False)","([1, 2], 1, False)","(2, True)","([0, 2], 0, False)","(1, False)","([1, 2], 1, False)","(0, False)","([2, 2], 0, False)","(1, False)","([2, 2], 0, False)","(0, True)","([0, 2], 0, False)","(2, False)","([2, 2], 1, False)","(2, False)","([2, 2], 1, False)","(0, True)","([0, 2], 0, False)","(2, False)","([2, 2], 1, False)","(0, False)","([2, 2], 1, True)","(1, True)","([0, 2], 0, True)","(1, False)","([2, 2], 1, True)","(2, False)","([2, 2], 0, False)","(1, False)","([1, 2], 0, True)","(2, False)","([0, 2], 1, False)","(2, False)","([0, 2], 1, False)","(1, True)","([0, 2], 0, False)","[0.3, 0.6]",[]
7,G3.1.2,service7,"(2, False)","([2, 2], 0, True)","(1, True)","([1, 2], 1, True)","(1, True)","([1, 2], 0, False)","(2, False)","([2, 2], 0, True)","(0, True)","([0, 2], 0, True)","(1, False)","([2, 2], 1, True)","(2, False)","([1, 2], 1, True)","(0, False)","([2, 2], 1, False)","(2, False)","([0, 2], 0, True)","(2, False)","([0, 2], 1, True)","(1, True)","([1, 2], 0, True)","(0, True)","([0, 2], 0, False)","(1, True)","([1, 2], 0, False)","(1, True)","([0, 2], 0, True)","(0, True)","([1, 2], 1, True)","(1, True)","([0, 2], 0, False)","(1, False)","([0, 2], 0, True)","(1, False)","([2, 2], 1, False)","(2, True)","([1, 2], 1, False)","(1, False)","([2, 2], 0, True)","(1, True)","([2, 2], 1, False)","(0, False)","([1, 2], 0, True)","(2, True)","([2, 2], 0, True)","(0, True)","([1, 2], 1, False)","(1, False)","([1, 2], 1, True)","(0, False)","([2, 2], 0, False)","(2, True)","([2, 2], 1, True)","(0, False)","([0, 2], 1, True)","(0, False)","([2, 2], 0, True)","(2, False)","([0, 2], 0, False)","(1, True)","([1, 2], 0, False)","(2, False)","([1, 2], 0, False)","(2, False)","([0, 2], 0, True)","(1, False)","([2, 2], 0, True)","(1, True)","([2, 2], 0, True)","(0, True)","([0, 2], 1, True)","(1, True)","([2, 2], 0, True)","(0, False)","([1, 2], 1, True)","(1, True)","([1, 2], 1, True)","(1, False)","([1, 2], 1, True)","(0, True)","([2, 2], 0, False)","(1, True)","([0, 2], 1, False)","(1, True)","([0, 2], 1, False)","(1, True)","([2, 2], 1, True)","(0, False)","([2, 2], 0, True)","(2, False)","([0, 2], 0, False)","(1, True)","([2, 2], 1, False)","(2, True)","([0, 2], 1, True)","(1, True)","([0, 2], 1, True)","(2, True)","([1, 2], 0, False)","(1, False)","([0, 2], 0, True)","(2, False)","([2, 2], 1, True)","(1, False)","([0, 2], 0, True)","(1, True)","([0, 2], 0, True)","(0, True)","([1, 2], 0, False)","(1, False)","([0, 2], 1, True)","(2, True)","([1, 2], 1, True)","(0, True)","([1, 2], 0, False)","(1, False)","([2, 2], 0, True)","(2, False)","([0, 2], 0, False)","(0, True)","([1, 2], 1, False)","(0, True)","([1, 2], 1, False)","(0, False)","([2, 2], 0, False)","(1, True)","([0, 2], 0, False)","(0, False)","([0, 2], 1, True)","(2, False)","([0, 2], 0, True)","(0, True)","([1, 2], 1, False)","(1, False)","([2, 2], 1, True)","(0, False)","([1, 2], 1, True)","(1, False)","([2, 2], 1, False)","(2, False)","([1, 2], 0, False)","(2, False)","([1, 2], 0, False)","(1, True)","([2, 2], 1, True)","(1, True)","([1, 2], 0, False)","(2, True)","([1, 2], 1, False)","(0, True)","([0, 2], 1, False)","(1, True)","([0, 2], 0, False)","(0, True)","([0, 2], 1, True)","(0, True)","([0, 2], 1, False)","(1, False)","([1, 2], 0, False)","(1, True)","([0, 2], 0, False)","(1, False)","([2, 2], 0, True)","(0, False)","([2, 2], 1, False)","(2, False)","([2, 2], 0, False)","(1, True)","([2, 2], 0, False)","(0, False)","([2, 2], 0, False)","(1, False)","([2, 2], 1, False)","(0, True)","([2, 2], 1, True)","(1, False)","([2, 2], 1, False)","(1, True)","([2, 2], 1, True)","(1, False)","([1, 2], 0, False)","(2, False)","([2, 2], 0, True)","(1, False)","([1, 2], 0, True)","(1, False)","([1, 2], 0, True)","(1, True)","([0, 2], 0, True)","(1, True)","([2, 2], 1, True)","(1, False)","([2, 2], 1, True)","(1, False)","([1, 2], 1, False)","(1, True)","([2, 2], 0, False)","(0, False)","([2, 2], 1, True)","[0.3, 0.6]",[]
8,G3.1.2,service8,"(1, True)","([1, 2], 0, False)","(1, True)","([0, 2], 1, True)","(1, True)","([0, 2], 0, True)","(2, True)","([2, 2], 1, True)","(2, False)","([2, 2], 0, False)","(1, True)","([2, 2], 1, False)","(0, False)","([1, 2], 1, False)","(1, True)","([0, 2], 1, True)","(2, True)","([1, 2], 1, False)","(1, True)","([1, 2], 1, True)","(2, True)","([2, 2], 0, True)","(1, True)","([2, 2], 0, True)","(2, True)","([2, 2], 0, False)","(1, False)","([1, 2], 1, False)","(0, False)","([1, 2], 0, True)","(1, True)","([1, 2], 0, True)","(0, True)","([2, 2], 1, False)","(1, False)","([2, 2], 0, True)","(0, True)","([2, 2], 0, False)","(1, True)","([0, 2], 1, True)","(1, False)","([0, 2], 1, True)","(0, False)","([0, 2], 1, True)","(2, False)","([0, 2], 1, True)","(2, False)","([1, 2], 1, False)","(1, True)","([2, 2], 0, True)","(1, True)","([0, 2], 0, True)","(1, True)","([0, 2], 0, True)","(1, False)","([0, 2], 1, True)","(1, True)","([1, 2], 1, True)","(1, False)","([2, 2], 0, False)","(0, False)","([2, 2], 0, True)","(1, False)","([2, 2], 1, True)","(1, True)","([0, 2], 1, False)","(2, False)","([2, 2], 0, False)","(2, False)","([1, 2], 1, True)","(1, True)","([1, 2], 1, True)","(1, True)","([0, 2], 0, True)","(1, True)","([1, 2], 1, False)","(0, True)","([0, 2], 0, False)","(1, True)","([1, 2], 1, True)","(1, False)","([0, 2], 0, True)","(1, True)","([0, 2], 0, True)","(0, True)","([1, 2], 1, False)","(0, False)","([2, 2], 0, False)","(0, False)","([0, 2], 1, False)","(0, True)","([0, 2], 1, False)","(1, True)","([0, 2], 0, True)","(2, True)","([2, 2], 0, False)","(2, False)","([2, 2], 0, True)","(1, False)","([2, 2], 0, True)","(2, True)","([2, 2], 1, True)","(0, True)","([2, 2], 0, False)","(1, False)","([1, 2], 0, True)","(1, True)","([0, 2], 0, False)","(0, False)","([2, 2], 0, True)","(2, False)","([0, 2], 1, True)","(0, False)","([2, 2], 1, True)","(0, False)","([1, 2], 0, False)","(2, False)","([0, 2], 0, True)","(0, False)","([2, 2], 1, False)","(1, True)","([1, 2], 0, False)","(1, False)","([2, 2], 0, True)","(1, False)","([0, 2], 0, False)","(0, False)","([1, 2], 1, True)","(0, True)","([2, 2], 0, True)","(2, False)","([2, 2], 1, False)","(1, False)","([0, 2], 0, False)","(1, True)","([2, 2], 0, False)","(1, False)","([2, 2], 1, True)","(1, False)","([2, 2], 1, True)","(2, True)","([2, 2], 1, False)","(1, True)","([2, 2], 0, True)","(0, True)","([2, 2], 1, False)","(0, True)","([2, 2], 1, False)","(1, True)","([1, 2], 1, True)","(1, True)","([2, 2], 0, False)","(1, False)","([0, 2], 0, True)","(0, False)","([2, 2], 1, False)","(0, False)","([2, 2], 1, False)","(1, False)","([2, 2], 0, False)","(0, True)","([0, 2], 0, True)","(1, False)","([1, 2], 1, True)","(2, False)","([1, 2], 1, True)","(1, False)","([0, 2], 1, True)","(1, False)","([0, 2], 1, True)","(1, False)","([0, 2], 0, True)","(0, False)","([2, 2], 1, True)","(1, True)","([0, 2], 1, False)","(1, True)","([0, 2], 1, False)","(1, False)","([2, 2], 0, True)","(2, False)","([2, 2], 0, True)","(1, True)","([1, 2], 1, False)","(2, True)","([1, 2], 1, False)","(1, True)","([2, 2], 0, False)","(2, False)","([0, 2], 1, True)","(1, True)","([1, 2], 1, True)","(2, True)","([1, 2], 1, False)","(1, False)","([0, 2], 0, True)","(1, False)","([2, 2], 0, True)","(1, True)","([2, 2], 0, True)","[0.6, 0.9]",[]
9,G3.1.2,service9,"(1, False)","([0, 2], 0, True)","(0, True)","([1, 2], 1, True)","(1, False)","([1, 2], 0, True)","(0, True)","([0, 2], 1, True)","(1, False)","([2, 2], 1, True)","(2, False)","([0, 2], 0, True)","(0, False)","([1, 2], 0, True)","(0, False)","([2, 2], 1, False)","(1, False)","([2, 2], 1, False)","(1, True)","([1, 2], 0, False)","(2, True)","([2, 2], 1, True)","(2, False)","([1, 2], 0, True)","(0, False)","([2, 2], 1, True)","(1, False)","([2, 2], 0, False)","(1, False)","([2, 2], 0, True)","(0, True)","([2, 2], 1, False)","(1, False)","([1, 2], 0, True)","(2, True)","([1, 2], 1, True)","(1, False)","([0, 2], 1, True)","(1, True)","([0, 2], 1, False)","(2, False)","([1, 2], 1, True)","(1, True)","([2, 2], 1, True)","(0, True)","([0, 2], 1, False)","(1, True)","([0, 2], 1, True)","(1, False)","([1, 2], 1, True)","(2, True)","([1, 2], 1, True)","(0, False)","([1, 2], 0, False)","(1, False)","([2, 2], 1, False)","(0, False)","([1, 2], 0, True)","(0, True)","([0, 2], 1, False)","(1, True)","([0, 2], 1, False)","(2, True)","([1, 2], 1, False)","(1, False)","([1, 2], 1, True)","(0, True)","([0, 2], 0, True)","(0, True)","([2, 2], 1, True)","(2, False)","([1, 2], 0, True)","(1, False)","([0, 2], 0, False)","(1, True)","([2, 2], 1, True)","(1, False)","([1, 2], 1, False)","(1, False)","([1, 2], 1, False)","(2, True)","([0, 2], 0, True)","(1, True)","([0, 2], 0, True)","(0, False)","([0, 2], 0, True)","(2, True)","([2, 2], 0, False)","(1, False)","([1, 2], 0, True)","(1, True)","([1, 2], 0, False)","(2, False)","([0, 2], 1, True)","(0, True)","([2, 2], 1, False)","(0, False)","([0, 2], 1, False)","(2, False)","([2, 2], 1, True)","(0, False)","([0, 2], 0, True)","(1, True)","([2, 2], 1, True)","(0, True)","([0, 2], 1, False)","(0, True)","([0, 2], 0, False)","(1, False)","([2, 2], 0, False)","(1, True)","([1, 2], 0, True)","(1, False)","([1, 2], 1, False)","(1, False)","([0, 2], 1, True)","(1, False)","([2, 2], 0, False)","(2, True)","([1, 2], 1, True)","(2, False)","([1, 2], 0, True)","(0, True)","([1, 2], 1, False)","(0, True)","([1, 2], 1, False)","(2, False)","([1, 2], 1, True)","(2, True)","([1, 2], 1, True)","(2, True)","([2, 2], 1, False)","(1, False)","([1, 2], 1, False)","(0, True)","([2, 2], 1, False)","(1, True)","([1, 2], 1, False)","(0, True)","([1, 2], 0, True)","(1, True)","([1, 2], 0, True)","(1, False)","([2, 2], 1, True)","(1, False)","([2, 2], 1, False)","(1, True)","([2, 2], 0, True)","(0, False)","([2, 2], 0, False)","(2, True)","([2, 2], 1, False)","(0, False)","([0, 2], 1, False)","(2, False)","([0, 2], 1, False)","(2, False)","([2, 2], 1, True)","(1, False)","([1, 2], 1, False)","(1, True)","([1, 2], 1, True)","(0, True)","([1, 2], 1, False)","(0, False)","([1, 2], 0, True)","(1, False)","([2, 2], 0, False)","(0, False)","([0, 2], 0, True)","(2, False)","([2, 2], 0, True)","(0, False)","([1, 2], 0, True)","(1, True)","([1, 2], 0, True)","(0, True)","([1, 2], 0, False)","(0, False)","([1, 2], 0, False)","(0, True)","([2, 2], 1, True)","(1, True)","([1, 2], 0, False)","(1, True)","([2, 2], 1, True)","(0, False)","([2, 2], 0, False)","(0, True)","([1, 2], 0, False)","(1, True)","([0, 2], 1, False)","(1, False)","([0, 2], 1, False)","(2, True)","([0, 2], 0, True)","(1, False)","([1, 2], 0, True)","(2, False)","([2, 2], 0, True)","[0.6, 0.9]",[]
